Fitted poly42 gamma parameters:
a40 = -0.0004529971580841726
a31 = 5.435771494059018e-07
a22 = -4.964253218991447e-09
a30 = 0.5328191716266424
a21 = -0.00036990300444461735
a12 = 3.2697381628904925e-06
a20 = -233.44054232897437
a11 = 0.06728965803111554
a02 = -0.0005378911925955572
a10 = 45106.45333475891
a01 = -1.470305257723763
a00 = -3239109.7025954896

RMSE: 437.41608216646125
R-squared: 0.94666576550577


Fitted poly41 gamma parameters:
a40 = -0.0007828263402422399
a31 = 1.8114734366232292e-06
a30 = 0.9183722582806798
a21 = -0.0015690972136386586
a20 = -401.92704836738704
a11 = 0.4474589695177545
a10 = 77725.44493614593
a01 = -41.88225346550619
a00 = -5599352.063144114

RMSE: 130.5061029206336
R-squared: 0.995977852498918


Fitted poly42 relaxation time (tau) parameters:
a40 = 4.822045746180167e-07
a31 = -4.349455231901672e-10
a22 = -3.243535332275797e-13
a30 = -0.0005850878594579657
a21 = 4.098916566642882e-07
a12 = 2.0273144885933306e-10
a20 = 0.26620346215411916
a11 = -0.00012889710078459743
a02 = -3.152101972791131e-08
a10 = -53.82638161466081
a01 = 0.013521356877656177
a00 = 4081.348203509385

RMSE: 0.056020455729882485
R-squared: 0.9963168737181196


Fitted poly41 relaxation time (tau) parameters:
a40 = 4.452741056434771e-07
a31 = -4.229920631281133e-10
a30 = -0.0005416553681069365
a21 = 3.9496589021720134e-07
a20 = 0.24710401151321643
a11 = -0.0001230955679743391
a10 = -50.104289492611635
a01 = 0.012803495846708559
a00 = 3810.1192873831415

RMSE: 0.050625037054040777
R-squared: 0.9973677056249246


Fitted poly2 Young's modulus parameters:
a2 * x**2 + a1 * x + a0
a2 = 0.00012471038993490694
a1 = -2.572987056035209
a0 = 25858.327070512707

RMSE: 3223.280805836967
R-squared: 0.8839872937128351


Fitted poly1 Young's modulus parameters:
a1 * x + a0
a1 = -0.7311166143484401
a0 = 24251.564600884394

RMSE: 448.883307537449
R-squared: 0.9917070598295504